1.289127776801030556e-03 -1.821616046693240107e-02 1.310643000006269654e+00 7.596473679481086094e-02 1.197018444172349809e-02 -5.178372518234553024e-02
-5.911642889159019788e-04 -2.555924421223126561e-02 1.314623419351715894e+00 3.063255193163571047e-02 1.964235438760065025e-02 -4.257795786601849264e-02
2.283193296591590898e-03 -2.344677688474441218e-02 1.316388617946635531e+00 -7.579739297623835914e-02 1.042298746324373665e-02 -1.011925261610256421e-01
1.628120097988172525e-03 -2.252267756488517125e-02 1.319274207574197000e+00 1.590563856834092266e-02 -5.089544013258077461e-03 -1.272390199392879964e-02
2.165334828425230854e-03 -1.771331689200301984e-02 1.320605811475541458e+00 4.733566338306498950e-02 -7.472540798675099752e-03 -1.663286818387489305e-02
4.030253049185089295e-03 -1.731308293725955516e-02 1.327108494190917476e+00 6.033855823807308255e-02 -6.018117215995430654e-03 -9.048655481934865519e-02
1.198444297466698741e-03 -1.980706572196180848e-02 1.330138025705576155e+00 5.096534177949187810e-02 1.008198334760821747e-02 1.827596054887973068e-02
8.697463437357458305e-05 -2.172986961849840415e-02 1.330598806393327393e+00 -9.824520042456311164e-02 1.551875225648361757e-02 3.180892461577287944e-02
1.260278165677031215e-04 -1.618242894621629846e-02 1.334602416855503293e+00 -1.518988048455069684e-01 5.997160177127021027e-03 1.565683169173025524e-01
-2.100334748181619665e-03 -1.224017727714507564e-02 1.337832666605221377e+00 -5.387107183888655004e-02 -1.946278569542092551e-02 1.973829994754795480e-01
-4.423214358578170594e-03 -1.687031516911005613e-02 1.338434131205994859e+00 8.376356257425329049e-03 -5.202960718790294176e-03 1.385927060773704811e-01
-3.195192841157052342e-03 -1.972066647982306797e-02 1.350214748167346102e+00 4.050748029370981884e-02 -8.013912000549752723e-03 7.030175640228067402e-02
2.197681695618423046e-03 -1.746286610041619669e-02 1.351574978175966280e+00 1.514432065750039025e-01 -2.336530512898924231e-02 -1.258602854556716555e-01
4.770618531174617219e-03 -1.971188809673007913e-02 1.352437402767048269e+00 1.277099665223598024e-01 -1.293320184247423975e-02 -2.229903836229549519e-01
4.162546482617430869e-03 -2.157185140387335442e-02 1.351935637486331387e+00 -1.240886907621602531e-01 1.718672157075607290e-02 -1.569428517733766626e-01
-9.112056084037891551e-04 -2.567666431309417741e-02 1.354525305296302662e+00 -1.366105803493370963e-01 1.172565994102470026e-02 -8.480165384333630818e-02
-4.728694723717893206e-03 -2.834083685368854466e-02 1.364497048454097694e+00 -8.678845094681550409e-02 -3.747053263491608582e-02 1.300536647071044716e-01
-7.248246306965227398e-03 -2.173761206980145966e-02 1.366394912674095963e+00 7.453300739937804287e-02 -4.692398255657840439e-02 1.714796380078252303e-01
-4.061411298869083142e-03 -2.087651091340952947e-02 1.376592444876646226e+00 3.549099084075401644e-01 -3.940074083713364372e-02 7.506621937060116434e-02
2.031767693273546505e-03 -2.583845967758235940e-02 1.371506392894506376e+00 2.154522623117494096e-03 -2.447800449212869309e-02 -1.427491251036200892e-01
3.735595772470540199e-03 -3.031382741780108692e-02 1.374287598015119016e+00 -9.024948879591500328e-02 2.442764309540336812e-02 -2.458688590042500122e-01
4.845316024975482305e-04 -2.830945540529683502e-02 1.375304252714798281e+00 -1.473003281849349089e-01 -1.049537232256860355e-03 -3.433832210072471774e-02
-2.474504446924805090e-04 -2.803656489842715205e-02 1.379686771243996191e+00 -1.315026714082036530e-01 -2.278237300098502269e-02 -1.429807868075805982e-02
-4.584084490886930485e-03 -2.451606435318298693e-02 1.385487890322497861e+00 -2.363330891253892507e-02 -4.442738092748321765e-02 1.897500739616317378e-01
-2.981528947054334910e-03 -2.529919433304977927e-02 1.382524133232379882e+00 -1.211548645648052730e-01 -2.248852554599699294e-02 5.386498575366185232e-02
-3.154851609365530440e-03 -2.599817704891738135e-02 1.393127331890589460e+00 -2.655798213634442961e-02 4.118343648632767293e-03 5.119612749719688882e-02
-2.968448807511500642e-03 -2.596732291857928310e-02 1.397172191879811010e+00 1.320063081458710263e-01 5.000291284298655388e-03 4.183123099276171014e-03
-1.792456440581735588e-03 -2.295592914156374675e-02 1.398042122827490630e+00 9.160844381360407074e-02 2.420875212620762426e-02 4.423918718380779463e-02
-2.318464324301924839e-03 -2.386718827661793441e-02 1.395670813623667073e+00 -1.825184099844923483e-02 1.299028438808811151e-03 1.548455192962873983e-01
-1.646511358082081156e-03 -1.933200378373112205e-02 1.402818614929991270e+00 -1.040777316819625938e-02 -8.001878490088423432e-03 1.453297455314195852e-01
-4.496104942591394593e-03 -2.624609323115323356e-02 1.406637397071762052e+00 2.927945999737315702e-02 -3.411978179786363287e-04 1.234002337831665158e-01
-2.030025376050861863e-03 -2.335177817134848066e-02 1.407581092409358803e+00 1.585048425689132567e-02 1.545464252016298494e-02 6.333959604838293456e-02
1.070643288378039792e-03 -2.404019145826385984e-02 1.409632759964630111e+00 -2.376131645674715159e-02 2.454346746584651351e-02 -6.013946477709225524e-02
1.379786574874405924e-03 -2.089876702734072556e-02 1.413070887595779368e+00 -3.603031266465898941e-02 3.937948425787699686e-02 -4.781810259274572872e-02
9.175266473576207393e-04 -2.085783023714526951e-02 1.415790743305386457e+00 4.216482528085378073e-02 5.521014791102496488e-02 -3.583983946298829881e-02
-1.438953019854617276e-03 -2.286896536059979113e-02 1.422590738211006567e+00 4.884986441737670243e-02 5.775168454454127076e-02 1.204313272579978639e-02
-1.356852474691548627e-03 -2.278554800293031146e-02 1.422532732848800663e+00 1.450030888235168992e-02 6.098153325885188186e-02 3.655619730212819607e-02
-7.889803236092035599e-04 -2.241296177010032586e-02 1.426109629186726124e+00 -2.215047106361710608e-02 6.721511166063927345e-02 -5.557275713567128104e-04
8.608126805240146062e-05 -1.980570453584351576e-02 1.428841478645438201e+00 7.290733236920270144e-02 6.403414536756588116e-02 1.374863698271779587e-02
7.485149396375123665e-04 -2.423287174426769219e-02 1.427442397191676093e+00 5.515158981873342220e-02 4.608947954417626225e-02 -7.963808207850302245e-02
2.394833317106659365e-03 -2.421844700556929908e-02 1.431899198167883469e+00 -5.191848688456974364e-03 3.671636094408488316e-02 -8.557426230206707785e-02
3.703158380671423000e-03 -2.439766912108609631e-02 1.428836426597165143e+00 -2.505306474405926548e-02 3.581691520640480075e-02 -1.307091762198332452e-01
4.957746222442271922e-03 -2.111727052073852917e-02 1.428098384340820814e+00 2.506867049321988630e-02 4.382603620553298523e-03 -7.717551037923867097e-02
4.649806106558240781e-03 -2.370671451537309515e-02 1.429465364718019771e+00 3.651294111093736361e-02 -2.466699887335172328e-02 -6.960453768127192187e-02
3.771006259234321867e-03 -2.509487287967848701e-02 1.424691415186735810e+00 3.606359835785675344e-02 -2.200357288830635458e-02 -5.875168675061828716e-02
2.876622678536777666e-03 -2.890851013208139975e-02 1.423926211978312040e+00 -2.490600743000268014e-02 -2.449402597959629904e-02 -1.106862590676084834e-01
4.710835841987115469e-03 -2.559272563403380829e-02 1.419798433550639061e+00 -4.874412756368140531e-02 -2.727844371041416444e-02 -8.595890059599256561e-02
2.465953384963026629e-03 -2.553711586344609152e-02 1.417464582557045105e+00 -3.280705297552424793e-02 -3.699172147388274379e-02 4.449508484528111665e-03
5.593097533842794622e-04 -2.368949202879089277e-02 1.413665962421262634e+00 3.527522534940922671e-03 -4.621955033747254804e-02 9.957271688664205700e-02
-5.838561076178999665e-03 -2.912402412792491901e-02 1.412775481810228939e+00 7.643335380524440836e-02 -2.780167992424227574e-02 1.622377903301230884e-01
-4.750574211352331933e-03 -2.691475543561261397e-02 1.413993973037563023e+00 7.521945516152046818e-02 -4.451024060607951249e-02 2.096636802158467483e-01
-6.213498788441490506e-03 -2.741238337127605007e-02 1.409670678940813104e+00 3.179735072429008824e-02 -4.328992168456657214e-02 2.089474343629085518e-01
-6.102085339717249271e-03 -2.551253249882079466e-02 1.399964367609157989e+00 -2.237872062889712313e-02 -3.833212693338279575e-02 2.573535159669266270e-01
-4.546509578730643930e-03 -2.454718182205528620e-02 1.402482479510211988e+00 -2.759128414641072446e-02 -4.133087099301475248e-02 1.756277780895406093e-01
-7.260095445578276796e-03 -3.049999009574455577e-02 1.401918428848532017e+00 -1.519163612379925005e-02 -4.005361368639268060e-02 1.231233783651695529e-01
-3.026600045792693372e-03 -2.683512286702338656e-02 1.396183091233382356e+00 7.646981846175621503e-03 -1.927940368925646838e-02 1.558269264023698537e-02
-4.758715152104742163e-04 -2.633958388397616979e-02 1.394066980155301394e+00 9.490433809064420870e-03 -8.843969136801226733e-03 -7.079245945915875471e-02
8.796408115880616219e-04 -2.505497138429380044e-02 1.390392610632162018e+00 -5.454837320769490017e-02 3.872916280401262658e-03 -6.690010225460410465e-02
-1.623314444243545429e-03 -2.676270440894912284e-02 1.385409611277182762e+00 -7.315267656203942176e-03 1.606899074462258756e-02 -4.278353660642141704e-02
-1.539067930938636808e-03 -2.534803614279068640e-02 1.386177343622250646e+00 1.543240840020202419e-02 1.331666951150336717e-02 2.560076241882707545e-03
-5.949231436013058261e-03 -2.675238260928480827e-02 1.386360275545442278e+00 -2.993156109681683469e-02 3.054674482304322800e-02 -2.604534885491998145e-02
-8.959621244499213488e-03 -2.491826421730669594e-02 1.381867439318725133e+00 2.026360793174580843e-02 4.161416305436048402e-02 2.032775968012280610e-02
-1.433448947006769197e-02 -2.874175256431543701e-02 1.384431575246225066e+00 4.032704227863551788e-02 5.395914627611420045e-02 -2.184479918140317181e-02
-7.836298743542731080e-03 -2.545485151057724771e-02 1.378848266849217907e+00 6.009755919725096041e-02 6.554975084692420129e-02 -1.217871156900808549e-01
-1.087215042003562837e-02 -2.729603616386300224e-02 1.377145634250226180e+00 4.050652414813759455e-02 6.961076609966039552e-02 -1.227386782561777495e-01
-8.464906682514788949e-03 -2.567069910632158170e-02 1.368801318715597404e+00 9.264776401338478684e-03 3.587331502481708179e-02 -1.139121682304425620e-01
-1.203419556692850168e-02 -2.702378642142466703e-02 1.365951361549932130e+00 -3.902335330051159845e-02 2.712389381517541637e-02 -7.395111666387176041e-02
-1.127865579395531670e-02 -2.568184028178532863e-02 1.362046513558127003e+00 -2.984330638754380607e-02 1.589878760718654166e-02 -7.020071105956189605e-02
-1.806272642975031983e-02 -2.728569916671941264e-02 1.357342764291828985e+00 -2.188670625554660701e-02 7.700022153760007274e-03 3.787309879472645219e-02
-1.527487808508393163e-02 -2.654281762099164332e-02 1.353034516242516361e+00 -3.962989399788321293e-02 -6.912134252490096005e-03 -1.144661133254981471e-02
-1.450313202262146217e-02 -2.583562887114498885e-02 1.351615481761768933e+00 -3.860146950074928862e-02 -1.402809134433316909e-02 4.161574919010276041e-02
-1.650214189939999687e-02 -2.587813923924775494e-02 1.349683086538306043e+00 7.569618454889998245e-03 -2.110722962232734756e-02 9.157831571996746800e-02
-8.794937834881305649e-03 -2.212018523516512403e-02 1.345145379108316774e+00 7.890097142390148366e-02 -1.371578060710834830e-02 2.655279724637468058e-02
-1.574360234767199773e-02 -2.772929745828722758e-02 1.345047584510410843e+00 8.943482113929372701e-02 -8.888366938474723256e-03 7.443839548876152179e-02
-1.247572099633481590e-02 -2.799907661571676698e-02 1.340399774719315928e+00 -7.501557321538782075e-02 -3.201871903150026351e-03 -3.020164611147586192e-02
-1.376639558456678458e-02 -2.780774996248291941e-02 1.338530724418077966e+00 -1.513857626880890372e-01 -5.540344896574099683e-03 -6.852316910389800661e-03
-5.440562946726547333e-03 -2.064835768507222724e-02 1.336278695630952029e+00 -6.743666983492664635e-02 2.301375341832385350e-03 -3.074695915608394864e-02
-1.415288836719807292e-02 -2.703059541182906145e-02 1.344521694042299487e+00 7.478073459532258438e-02 -8.086102801982710669e-03 -1.221911053586820645e-01
-1.201535053942683409e-02 -2.644304024517341034e-02 1.341081558863407963e+00 1.210022606732177042e-01 -3.475226917920420239e-02 -1.356999750139520622e-01
-1.934926455176049637e-02 -3.187416163480305542e-02 1.338119794148553865e+00 3.799667342108137280e-02 -5.244466227873565561e-02 -9.062959125303680918e-02
-1.821419300528684393e-02 -3.059263541864742919e-02 1.331887416033552540e+00 -8.282647279701350895e-02 -4.069777636137394267e-02 -5.064126696112784126e-02
-1.804972683017014301e-02 -2.916811420706855174e-02 1.328313626650754031e+00 -1.376198411504948316e-01 -3.853925510402333998e-02 1.091962300719489937e-01
-7.756713161027550818e-03 -2.206969523137924938e-02 1.323570000985583306e+00 -1.259063995271653413e-01 -6.256738372714450158e-02 1.117168832979077292e-01
-8.526485802873295938e-03 -2.019726806052801749e-02 1.331507230879751091e+00 -1.255587058937985244e-02 -8.105635299170299568e-02 1.740137455725913052e-01
-6.631893417661016699e-03 -1.810986918848156435e-02 1.332904778907206378e+00 1.249250068365605898e-01 -8.113663442343486965e-02 8.218513064436923365e-02
-4.563154758473686456e-03 -1.933001043223248061e-02 1.334367780238906676e+00 1.400710343535933600e-01 -6.005801525710344202e-02 5.417361210943545495e-03
-3.251186953964979587e-03 -1.905491737813891362e-02 1.333836852760370562e+00 4.032917242733333185e-02 -4.449441654459961731e-02 -5.719399914148189795e-02
-9.906379049359204103e-03 -2.649905011558617574e-02 1.343060995387276080e+00 -4.279634537454675425e-02 -5.877785836179319490e-02 2.890427353818359260e-02
-2.235942423171710658e-02 -3.980446742336418708e-02 1.363645455164245845e+00 -2.706715275512025509e-02 -7.135017345099203823e-02 1.008188282937373809e-01
-1.888544822504489851e-02 -3.361468993014238293e-02 1.355592514877073995e+00 -2.132572111019929648e-02 -6.561553419171974044e-02 1.161284630593831940e-01
-1.778533950081251369e-02 -3.432022609601448337e-02 1.359102050055980726e+00 -6.108417472380017060e-02 -6.460365383439845011e-02 4.277174284176869096e-02
-1.499047659955810019e-02 -2.849285725394645752e-02 1.353467527340939114e+00 -3.214545126698288569e-02 -6.279480044506612069e-02 6.237682540863119518e-02
-2.110444849435211268e-02 -4.158060249152928378e-02 1.355196824236401199e+00 -1.489650762778598099e-02 -5.215205405927974408e-02 -4.815380069258654028e-02
-1.673683976753337355e-02 -3.372182191414285768e-02 1.356962986229333978e+00 4.537077149360148332e-02 -4.367860900207620745e-02 -2.980884838413347740e-02
-1.927051916236877105e-02 -3.733639008160150041e-02 1.357199243386958187e+00 8.749650600714947712e-02 -4.752215684494922460e-02 -5.468359234125431956e-02
-1.379188657881114111e-02 -3.073741663814377745e-02 1.348542051836147948e+00 4.132330846188342517e-03 -1.822463093364051767e-02 -5.712544274393787508e-02
-1.402696520472401787e-02 -3.274872209365664588e-02 1.353832489623158608e+00 2.232332742493791516e-02 1.551986439250929240e-03 -1.188345523856708802e-01
-1.780442446146013324e-02 -4.028893665750432618e-02 1.351441524606599387e+00 3.016601962770784628e-02 1.879508638857470965e-02 -9.527448591716362880e-02
-1.905433856850402563e-02 -4.121465377259880825e-02 1.352903042790558175e+00 -2.083257860283019292e-02 3.101772852491450905e-02 -8.657726312531671686e-02
-1.569251959325734802e-02 -3.311634099416638222e-02 1.345791738061080878e+00 -4.357021561006199813e-03 7.193103115544130510e-02 -9.104401096243967817e-02
-1.582232288669960241e-02 -3.364176790762973823e-02 1.351590080431606111e+00 5.790861616035689052e-02 6.152905205579937281e-02 -7.140308020772996589e-02
-1.393183784284746096e-02 -3.332916125469553847e-02 1.349984624365418995e+00 1.803786851105501979e-02 5.856918511988420950e-02 -8.942270828784389114e-02
-1.624938502103256965e-02 -3.995928948924154511e-02 1.350021002803572401e+00 -5.023138559085623192e-03 7.456480891423150625e-02 -4.259605183672233314e-02
-1.427152381216800769e-02 -3.372682804808047052e-02 1.349076856772256860e+00 -2.640585378764135141e-02 7.179041031887775648e-02 -1.486211932468228976e-02
-1.380788197664006844e-02 -3.164345097956955399e-02 1.347507042602956062e+00 -2.857005187572689980e-02 5.965217921791424183e-02 -2.168583634065657934e-02
-1.237308180154061965e-02 -3.296708134071657526e-02 1.347728531570140831e+00 -1.015265147804769869e-01 5.668992645450241646e-02 -9.379809065265692913e-02
-9.369165231646769953e-03 -3.455135845923118509e-02 1.343196274253955380e+00 -8.203053822937846074e-02 6.519962789664329739e-02 -3.168541525533864478e-01
-8.635112818220935793e-03 -3.738608287408240471e-02 1.352648267689346540e+00 1.622347363409045451e-01 6.329905043201432269e-02 -3.890111448298074759e-01
-3.091048474135660307e-03 -3.122463309762357753e-02 1.349093788578414888e+00 5.544037211397913334e-02 8.376542711852098810e-02 -4.374595210990778749e-01
-8.056615162090219329e-03 -3.519590772712977156e-02 1.344944755802515601e+00 -1.375114550812157055e-01 7.147357891935643415e-02 -1.902125618040285959e-01
-1.011061765908238819e-02 -2.960649027994044502e-02 1.343538622751196954e+00 -2.293569480760978274e-01 -8.418795093123872947e-03 -4.835554805273400633e-03
-1.735658608939438796e-02 -3.320215325496933545e-02 1.345659512198039920e+00 -1.019157356026262201e-01 -4.754819227592149006e-02 2.030454427265374062e-01
-8.574845941917708103e-03 -2.500352532232952285e-02 1.347091731308381668e+00 -5.759203455292147121e-05 -4.315909603712210496e-02 1.464944887037409639e-02
-1.722864494596909601e-03 -2.463714947566630897e-02 1.348698750266493107e+00 1.796234192466849289e-01 -3.913090001410948066e-02 -1.558403899771218792e-01
4.247373228752127083e-03 -2.417582520656846867e-02 1.350028862808272834e+00 1.856810337258694987e-01 -3.256638629370888632e-02 -3.119537955011702501e-01
5.933237819840231353e-03 -2.691936119308868669e-02 1.348958101161485956e+00 4.112141026676764677e-02 -7.495707724226090230e-04 -2.380472498799564296e-01
3.670641892375092752e-03 -2.707760697398153837e-02 1.346634475491867988e+00 2.134198129690562801e-02 2.907010809576760033e-03 -1.028680477268655996e-01
8.664656812764626181e-04 -3.066582869372691533e-02 1.350303753735772716e+00 2.040204123466338518e-02 -4.742169286250916965e-02 8.901570757358567842e-02
-4.934206785303985043e-03 -2.940830604763577938e-02 1.349681377356660050e+00 -2.151138680953865179e-02 -6.939003641459590144e-02 2.254139850324179684e-01
-8.979570283815796472e-04 -3.191813077997096570e-02 1.350603010039179708e+00 -1.383841940245542079e-01 -5.069696560956053755e-02 1.959854912092512391e-01
-7.763633357258381551e-04 -2.545355526315917771e-02 1.351186528880731430e+00 -4.921158584747003378e-02 -4.227064233596448950e-02 1.624652235639020004e-01
-9.230551484791238437e-04 -2.579677852195594312e-02 1.358311649304539515e+00 7.657466010854128979e-02 -2.431062182630284660e-02 1.152922385696442120e-01
8.416945142797338519e-05 -2.918998672133588101e-02 1.360983656352658500e+00 -1.106152253273510674e-02 1.317551554456028624e-02 9.385876819840449636e-02
-2.913742593811718962e-03 -2.700382895712438724e-02 1.360169022562985219e+00 -1.381110307288296035e-01 3.029828667043940951e-02 1.096552639538176943e-01
-5.762713444877887170e-03 -2.677181494303848552e-02 1.359610437437822839e+00 -1.666421396857822590e-01 3.116779279084345988e-02 1.994852649786343635e-01
1.951942918920801517e-02 -1.398865867726506451e-02 1.364497586335545520e+00 -7.496153666548135974e-02 1.177951197656407732e-02 2.804240840675386037e-01
1.497513465861688431e-02 -2.158824437620943115e-02 1.368928993787307036e+00 4.805038294539853289e-02 -1.725041980498075861e-02 2.632982170527328192e-01
1.768521397721434241e-03 -2.020765042530170419e-02 1.376427630015371051e+00 1.417379219848498573e-01 -3.063841448233716250e-02 1.908735965746556351e-01
9.955176575538127182e-03 -2.003194885642045620e-02 1.379627072615136285e+00 1.132004377425605557e-01 -7.545656826945365894e-03 2.084071871231511427e-02
9.120357118612476555e-03 -6.034689793026348781e-03 1.376689274390656692e+00 7.735880916054529988e-02 4.473085632345414481e-02 -1.635266655712558914e-01
1.094769352943902874e-02 -1.158680939326517390e-02 1.375570299058239243e+00 -7.647358154624248235e-03 9.617079430166047826e-02 -1.463252145265001580e-01
1.762935227837658658e-03 -2.049201243881570988e-02 1.381288046027208338e+00 -2.346063116350700084e-01 1.198536592023756592e-01 -2.437003202677929040e-02
1.532595511223533435e-03 -1.762569424830662257e-02 1.379453858754203566e+00 -2.578627720253035549e-01 8.720636576392816475e-02 6.057236192184575763e-02
-6.098372325991030518e-03 -1.637313510037796682e-02 1.388543846915155200e+00 -5.271045833375957723e-02 3.445630165272818568e-02 2.737088092389485250e-01
-4.728286405047965602e-03 -1.533046689631234472e-02 1.394263549080761777e+00 7.976151186188194797e-02 7.432269993987174715e-03 2.329173069181267319e-01
4.631301358418771219e-03 -1.403885044975239360e-02 1.395620076485641903e+00 1.760104537461862351e-01 -1.547346155595187393e-02 9.803362004676172137e-02
5.171430742393123836e-03 -2.213501734644429675e-02 1.399484759704108683e+00 1.246867446805052376e-01 -2.330718483826000817e-02 4.520116669520142516e-02
-9.765586101320722356e-04 -2.774636508067906959e-02 1.401534836542168705e+00 4.667671380138783965e-02 -4.479054545115152344e-03 -3.676770271674693891e-02
1.003533194834815845e-03 -2.732285983447235722e-02 1.404512468521659230e+00 4.471647134531649831e-02 3.428753250107816931e-03 -8.561115736316725344e-02
3.151928559178951428e-03 -2.917452997150071781e-02 1.407991887154253163e+00 2.503578135322214251e-02 7.108400711214374248e-04 -1.482242292060008959e-01
1.325800719368164238e-03 -3.175886180009035442e-02 1.408476155948619635e+00 5.164980931641130349e-04 -2.155743576162755595e-02 -1.526075690097206949e-01
1.269182186883877073e-03 -3.412528662779523714e-02 1.418375029028936751e+00 5.504441046990161956e-02 -1.920080921329282361e-02 -1.716721478847128834e-01
1.286243713573109737e-03 -3.276362626219020413e-02 1.419447479275959267e+00 1.033446345291080259e-01 -2.400378619720454701e-02 -2.332620095990091680e-01
-3.917073942484083915e-03 -4.523712381700839558e-02 1.421543098067019173e+00 1.956833136108636784e-03 -1.296184648449886720e-02 -1.968920840350196766e-01
-7.706170757598940213e-03 -3.984970024213385642e-02 1.420053204367548005e+00 -2.419996522527597116e-01 -1.087297762970611779e-02 1.061230318843212478e-01
-1.887655724878178898e-02 -5.093487058752632635e-02 1.423093820860202641e+00 -3.219325071824875595e-01 -2.564754394610671909e-02 3.737862823889352426e-01
-2.122663021852233545e-02 -3.470701923428176627e-02 1.433292430098674686e+00 -2.918419317944785651e-02 -6.667868458637349338e-02 5.351734923101556518e-01
-2.178931207201917353e-02 -3.092126261115213381e-02 1.437666124460577066e+00 2.421959443997080963e-01 -7.909353013406185406e-02 4.741989853799200016e-01
-1.060744180171524498e-02 -2.125915427138425073e-02 1.437720364762100189e+00 1.375029525627208815e-01 -4.302920811272419044e-02 8.508080601172229862e-02
-4.702571286605561340e-03 -2.362806324623090148e-02 1.437899126790910032e+00 -2.479229055116961237e-03 3.049447484061644509e-02 -1.166354269205250177e-01
-3.433165465965615226e-03 -2.438256252487258635e-02 1.447905777061123445e+00 2.972178571224977708e-03 6.685264990464935553e-02 -1.770992161924189734e-01
-4.520400165107574253e-03 -2.209340522440195187e-02 1.449595621177252269e+00 -4.289306029674603594e-03 6.442466013259956492e-02 -1.420350337524416973e-01
-5.353935760720962556e-03 -2.325161803001574157e-02 1.455293854264056108e+00 -5.039919519893253791e-02 2.936285888773992533e-02 2.074627467697005498e-02
-8.756177895360539587e-03 -3.310881672041610102e-02 1.461716423072005000e+00 7.792490243166097508e-03 6.171365255678931856e-03 8.280234013181365926e-02
-8.940929171054934343e-03 -3.156381861238699571e-02 1.460410257278709878e+00 5.601177492583855888e-02 7.177336211025991258e-03 7.177032116880144308e-02
-7.604530237935724912e-03 -3.646408832965919444e-02 1.468882360759494077e+00 -7.816628761308518775e-03 1.349727604506773156e-02 -3.370243133577652955e-02
-2.967585771714964515e-03 -3.184368204518461809e-02 1.472198679898156115e+00 -8.038106332302030754e-02 2.250450977095367136e-02 -2.414243534339890335e-02
-1.046525847320234348e-03 -2.493820804654722778e-02 1.475138443382178366e+00 -5.518339001366614864e-03 1.109381981023229921e-02 -4.299919095295153676e-02
-6.769434633668192092e-03 -2.826922051052083162e-02 1.480436243910162375e+00 1.961272706531143675e-02 2.578023222914634788e-02 2.017564931158257607e-02
-7.985465771264355084e-03 -3.034168995132757729e-02 1.477328945964956119e+00 -3.142777771013970795e-02 1.959639412642560918e-02 1.846985046893120236e-03
-5.342045811819295942e-03 -3.089841596601283769e-02 1.486152457783049385e+00 -1.556448127640675146e-02 1.133433503870285089e-02 2.886724248690165917e-03
-5.123695744052358947e-03 -2.554954194438474602e-02 1.484151642650516578e+00 3.237455252693492193e-03 1.983923759500620665e-02 6.294313352285191288e-02
-1.905958634575599664e-03 -2.588288130028759682e-02 1.489553347707783360e+00 -2.330303377072505053e-02 1.954425891204085788e-02 -2.048031637426910023e-02
-1.405412780082215818e-03 -2.303159424351219897e-02 1.490258950156970741e+00 6.445830220497192169e-03 1.516371460567555313e-02 2.881040400430543921e-02
9.104201611487838797e-04 -2.768395963214231870e-02 1.491166431730221120e+00 7.811761823803841515e-03 6.066617015593192379e-03 -5.406432640785552302e-02
6.256951533585297653e-04 -2.376516586634203065e-02 1.490953852925969159e+00 -3.645874249042983101e-02 -6.439919978187139474e-03 -7.185849690622216068e-02
2.593309581627012417e-03 -1.981473923605880927e-02 1.494359888776585876e+00 2.011153745312976165e-02 -9.529909758436446929e-03 -6.482671855248921255e-02
2.321520272745514202e-03 -2.232044498634921936e-02 1.496758085726384024e+00 4.295028132962930983e-02 -1.134549235016761928e-02 -9.101820122399573165e-02
5.725395408345268500e-04 -2.613505800819559965e-02 1.495745697198884727e+00 2.490754338057838552e-02 5.798497876923942862e-04 -9.078235404028675570e-03
-2.510897402309475446e-03 -3.087300445355367629e-02 1.501238927589525929e+00 -9.091575235851296136e-03 4.802229815447293763e-03 2.155140145398845228e-02
-1.799168096058068045e-03 -3.181056512708879680e-02 1.505645661660111045e+00 -7.071468229761840307e-02 -1.280943357792417407e-02 3.952990365127288103e-02
-3.266682746268068094e-03 -2.915722671546783218e-02 1.505380948930024942e+00 4.560767497006536220e-02 -3.013102499352545913e-02 7.294961681052082592e-02
-2.358260700511149999e-03 -2.932212623206664759e-02 1.510454764757213297e+00 1.390770754017080502e-01 -3.639082844262883643e-02 1.820479010999908123e-02
-1.100726686023567602e-03 -3.061460370698387834e-02 1.510881881851304342e+00 2.217420833656041923e-02 -2.924928207235444333e-02 -1.542022894428588496e-02
-2.474627546077634577e-03 -3.352851974081350050e-02 1.516065633340474506e+00 -9.119575757895338752e-02 -2.758084301712978095e-02 1.417267238625991542e-02
-1.176722085573844723e-03 -2.957450870977851309e-02 1.514719737906688124e+00 -7.807471137250474036e-02 -3.188433850992839630e-02 -2.028713641960677022e-03
-1.744917192720851773e-03 -2.403747871587791352e-02 1.521151695670198478e+00 2.607333650427610255e-02 -1.754051378086914775e-02 5.905782823603823728e-02
1.644878827644635777e-04 -2.498191540930783106e-02 1.524648148576574158e+00 5.390275510918424162e-02 -3.367980555255781477e-03 -2.804229182163469822e-02
-1.084901576597019357e-03 -2.529904840099472807e-02 1.520519470852036648e+00 4.230571908872812759e-02 1.778049629917215907e-02 4.593866358346905369e-03
-1.887175594861290051e-03 -2.908047773895638954e-02 1.528196421474405042e+00 1.883023291287849038e-02 1.302055224548909554e-02 1.874285995751683379e-02
-1.153582282775733603e-03 -2.497372382501694688e-02 1.527690441792088905e+00 5.380830953632669000e-03 -2.319366927321304169e-03 8.399435802732076184e-02
-1.004401617324512941e-03 -2.532608377729239635e-02 1.532888488281940909e+00 1.747355295623649173e-03 -1.171210434504766501e-02 5.614335904811479372e-02
-1.042040449315440043e-03 -2.362211780410294892e-02 1.531489312445387441e+00 1.319182571023536739e-03 6.451960419406497019e-03 3.440469218600201301e-02
4.469759182970101108e-04 -2.744807101481239187e-02 1.534490247967966070e+00 1.833969812072410235e-02 -5.373298045810275805e-04 -9.040261406576165226e-02
2.015132896235893867e-04 -2.808427114845102324e-02 1.538180734084392043e+00 5.183486810193421029e-02 5.875727698101644927e-03 -8.574691499263378813e-02
2.508098307945960670e-03 -2.884718209315639825e-02 1.539062082720988656e+00 5.843261035039550022e-02 -3.221846302532797857e-03 -1.616842407421359151e-01
1.817029388171631510e-03 -2.902162942327191075e-02 1.534834357412648842e+00 -4.459647453426641289e-02 1.824639940556044976e-02 -8.822037933747432781e-02
1.673975230880198062e-03 -2.751941630266596661e-02 1.537855008657572853e+00 -8.095106964435863639e-02 1.595089652341894274e-02 -7.030987608074294737e-02
2.979533583745697101e-04 -3.023397940022487518e-02 1.538184490538185401e+00 1.035931217293008660e-01 -3.291507485757731027e-02 -1.115378780049247343e-01
-3.954475805556523227e-03 -3.627177003941550737e-02 1.545809535629359743e+00 1.448088233764171506e-01 -2.554271213487719142e-02 -6.019319114973308710e-02
-1.048408870002903726e-03 -4.792062799063590006e-02 1.540684259726276650e+00 -5.748573645891159184e-02 -7.343958964139651185e-03 -1.115075270767919846e-01
-1.989748718162598351e-03 -4.247415076737048878e-02 1.539444699572470654e+00 -8.805501145245624162e-02 -1.644337679193028090e-02 -4.860711287583219936e-02
-5.113194530427023210e-03 -4.516431764277939465e-02 1.539285156919277142e+00 -4.768868811600937389e-03 -3.695367254598441731e-02 5.559426517927696515e-02
-5.853140047596738782e-03 -4.420932423404799749e-02 1.541288203676344892e+00 2.177223826394714817e-02 -6.210857766119708134e-02 8.445378587660531955e-02
-6.941429772543639132e-03 -4.791267068718418898e-02 1.546258379868106658e+00 -2.398264623204487966e-02 -5.505741550606415430e-02 9.719633437527848419e-02
-7.072391797082744347e-03 -4.104195021882528494e-02 1.542193889768554982e+00 -4.992294237177427423e-03 -5.515726378762333959e-02 6.824145413354140710e-02
-1.150039053834683855e-02 -5.573528058402299479e-02 1.546134099788844196e+00 -2.063374629133305979e-02 -4.535997916829287435e-02 4.327048807880801845e-02
-7.266902248078910276e-03 -4.587013952065444045e-02 1.541606770356338529e+00 -3.453466546941184184e-02 -4.805069994270468048e-02 2.017294121293142575e-02
-8.732145935240076540e-03 -5.341681914926166286e-02 1.549814869462466049e+00 -2.616383102373127933e-02 -5.197927954677709905e-02 -3.108171585006684612e-02
-3.913792316162290064e-03 -3.920719075035883350e-02 1.550704326847380798e+00 9.482363825061561335e-03 -4.805813595337546373e-02 -3.371812296723666891e-02
-3.384876175985596092e-03 -3.955734419599821194e-02 1.554013962074407118e+00 7.535122376347457018e-02 -4.269132508420686589e-02 -5.193123044735385718e-02
-1.247576230759772642e-03 -3.523935947237344379e-02 1.550710566110694799e+00 2.428356615388367612e-02 -1.964265580102139003e-02 -8.111543102671085748e-02
-3.132654500257903152e-03 -4.013400106467379658e-02 1.544867492638445583e+00 -1.349051690525302771e-01 -3.495411289210314468e-03 -3.875392907537912601e-02
-3.992462624161863260e-03 -3.923554304400589388e-02 1.554548398158942746e+00 -1.469060566766973996e-01 2.053033835400441820e-02 -5.407137871076726082e-02
-4.956997110155736408e-03 -3.550330593896511289e-02 1.553828483942027106e+00 -1.728250452079624008e-02 4.831770679518902767e-02 1.817806587766310558e-02
-4.185653805232281144e-03 -3.145108407680208273e-02 1.556828048609645521e+00 3.904585782227817936e-02 4.046485347212565309e-02 -9.195063101030799546e-02
-3.879010204408395168e-03 -3.157522460539130549e-02 1.558999842206446829e+00 -3.496593839769768924e-02 5.816620239167422102e-02 5.506619505166851850e-03
-4.300430073157279764e-03 -3.390732520275996364e-02 1.562512137464466377e+00 -1.545423695695665942e-02 3.216084797256558991e-02 1.532587401610255480e-02
-5.824508163182251508e-03 -3.532917376175248592e-02 1.569208303933635307e+00 2.917741714517686769e-02 4.059323014756339998e-02 2.434453881040244717e-03
-5.109318834537024401e-03 -3.706612390442032279e-02 1.571692877098087138e+00 1.779492476977598964e-02 4.867315935182253694e-02 -2.543936795689800967e-02
5.862448149107635231e-05 -2.759600235517378763e-02 1.577992931972062252e+00 4.480470127333192193e-02 5.919501418602620552e-02 -3.682208496313628399e-02
-2.053706543355682257e-03 -3.070566328458124161e-02 1.586550379517404963e+00 8.962039943812682985e-02 3.191129686288789874e-02 9.112329784589688619e-02
-2.272884247717765760e-03 -3.312833877301901708e-02 1.584395198761740176e+00 3.280458883533108466e-02 -3.623675122545601257e-02 3.036748900942785531e-02
-2.054195566193461886e-03 -3.764110781075835632e-02 1.591877815349164393e+00 -3.036865929477731638e-02 -5.565254938474319124e-02 3.281648308935491282e-02
6.185972009418172490e-04 -3.169715472336509521e-02 1.596526418802284297e+00 -2.573349704445159272e-02 -2.180682777184677137e-02 -7.378178272060052778e-02
1.562252254359464132e-03 -3.573832798873777250e-02 1.599152069567537637e+00 -4.987330457638293468e-02 -9.934312231406571686e-03 -9.881667939481267315e-02
-1.759721235557787367e-03 -3.407352358555915117e-02 1.603060424725583744e+00 -1.108047591229512768e-01 -1.688479752585238941e-02 -9.507819831460742610e-02
-8.201481389720211013e-03 -4.071954954836431995e-02 1.607404118174201813e+00 -5.646653619253674122e-02 2.180777540528171750e-05 -1.525839992374025331e-02
-9.486734752217174105e-03 -3.587221330081824533e-02 1.614321676875817957e+00 -5.185956673412511764e-02 1.216864342064506305e-01 3.066173247439039559e-02
-1.262284676500868841e-02 -3.717521812907786938e-02 1.611545721483196303e+00 2.399948237671000253e-02 1.229568005468344993e-01 5.312857699920969096e-02
-1.577444774804037664e-02 -3.732483977062095448e-02 1.623828153072167879e+00 1.806750865555392105e-01 2.318895776795470293e-02 1.000560164972107008e-01
-6.568080394612652029e-03 -3.688608788313629816e-02 1.627128490941800010e+00 1.881816755819443188e-01 -2.933815609758570406e-02 -6.992453589265626435e-02
-6.694195825135196287e-03 -4.530751036098212836e-02 1.628690912683453007e+00 4.837116450529143491e-02 -1.204876224248864654e-02 -5.998570328894926168e-02
-3.538877491550129761e-03 -4.088910134640055816e-02 1.628281701066669029e+00 -7.519206147029003362e-02 -1.569972329896701310e-02 -8.211030568065068314e-02
-5.020688101181614016e-03 -4.129051161667440795e-02 1.629724617666511222e+00 2.030761554990818344e-03 -1.948271917785780391e-02 -4.411260931830047333e-02
-4.421463426770522176e-03 -3.943181066433254500e-02 1.631529935942751308e+00 2.394548578038634482e-02 -1.145874504373060529e-02 7.197065916038433361e-03
-5.717416465785829516e-03 -4.541391608505307431e-02 1.625696294545775800e+00 -1.167127226657219130e-02 -2.796258777280449803e-02 -7.793212106031189787e-03
-6.249429283243568278e-03 -4.201717354774103796e-02 1.628410019943714815e+00 -3.469959391128144693e-02 -2.752988480658441831e-02 8.256111156874712531e-02
-6.981959038538043671e-03 -4.696621035875825356e-02 1.629323782900996775e+00 -4.361673616015996485e-02 -3.831225282089414236e-02 4.510365884258962094e-02
-1.211592890391965938e-03 -3.763981416554251780e-02 1.626601764566373731e+00 1.027848366466987406e-01 -4.880243354721154614e-02 -6.386173801673350470e-02
-1.238106428483209953e-03 -4.064061289281184486e-02 1.626539598643319096e+00 6.374712050041661526e-02 -7.766390166356819565e-03 -5.108288926085345627e-02
-1.720146081729101439e-03 -3.586512153427801053e-02 1.618514427447735216e+00 -8.352717405890758284e-02 1.794087940481269364e-02 -7.058320299457637725e-02
-5.806497821769340817e-03 -4.459213227684966085e-02 1.619811295688805330e+00 5.887833980071895471e-03 -7.372352725846281936e-04 4.615029344523165905e-02
-7.379634489717457058e-03 -4.076684083619230847e-02 1.613003965713915022e+00 -7.781783059881006159e-02 6.183650011934278823e-03 1.367770723740567018e-01
-6.337252774956780854e-03 -4.308046590788006114e-02 1.607260274709517489e+00 -2.471937680992636610e-01 4.237052053850558914e-02 6.813552618450095799e-02
-5.949816555194775702e-03 -3.400196617153827816e-02 1.611522726371219960e+00 6.464615618551955434e-02 5.001625071478487533e-02 9.074035602658170330e-02
-5.575144688803934656e-03 -3.540838598494300271e-02 1.607681206705990462e+00 1.963086285087657368e-01 4.966755587055803056e-02 3.133193620407523361e-02
-3.835766341502955257e-03 -3.213555908092224911e-02 1.617465488766924864e+00 1.859882252979483397e-01 6.084616085129617574e-02 6.820268808104203162e-02
-2.817127039628664065e-03 -3.403620600821177788e-02 1.606467529592862320e+00 -7.206749282752668295e-02 6.918311609799177031e-02 2.786164008956623986e-02
-1.676557705777237395e-03 -2.875299757243432452e-02 1.599619488669418388e+00 -1.167546971938996092e-01 1.043327393346463738e-01 -3.729419400506362586e-02
1.514926052647025401e-04 -2.649299128721782637e-02 1.602873889511329253e+00 8.977605877194742845e-02 1.085873677290998818e-01 -5.718657890100242724e-02
2.695007020192541347e-05 -3.463782864415687612e-02 1.599617811070174866e+00 4.970341093288115075e-02 5.712580389820363230e-02 -9.311889905009342050e-02
-4.019953021925370962e-04 -3.459292587080042836e-02 1.597996585130943004e+00 -5.468364852962933481e-02 2.493595929231973499e-02 -1.584021358643560376e-02
-6.304535738102190479e-03 -3.976993400898898301e-02 1.594532219529071426e+00 -5.159752506282221790e-02 1.259154959664100099e-02 -3.789206385225448587e-02
-5.068964506562911865e-03 -3.532277448861176339e-02 1.598570528976324567e+00 3.277961034481168597e-03 1.168180296073209569e-03 -3.739472007152515754e-03
-7.216701859172225397e-03 -4.029238246459421191e-02 1.591467689489661552e+00 -1.005145417049382005e-02 -1.728739415586096973e-03 -2.830473474224728600e-02
-5.628157702465719225e-03 -4.130525340067148221e-02 1.592867163433083988e+00 -3.452119449684688118e-02 1.915253519269053328e-03 -3.712373920010737099e-02
-6.567900040383767291e-03 -4.055818632063878937e-02 1.590994931112049926e+00 -3.787395601768410447e-02 7.332563060061213223e-03 -1.052246176167733437e-02
-6.565733268593332284e-03 -3.724513876050572492e-02 1.590723450434268216e+00 2.040770006587553156e-02 -4.258750923291335262e-03 -2.846279849560261199e-02
-8.100840724691638073e-03 -3.806849757005714707e-02 1.591213968426075098e+00 -5.745460277350090961e-02 -4.040711097523540241e-03 2.474332144769880379e-02
-4.939902322372624610e-03 -3.735876621408351639e-02 1.585340476609587768e+00 -7.017319904598701141e-02 -3.542193316150573073e-03 -8.699569213237838550e-02
-4.914536416679826658e-03 -3.600818325268040354e-02 1.597785270195743124e+00 8.478055254638301730e-02 -7.309551918919872555e-03 -7.777784160120874979e-02
-8.707247908837589812e-03 -3.931728469016615435e-02 1.597140720289360161e+00 6.603187480835517875e-02 6.874537013694210705e-03 -9.551765954938085113e-02
-6.785502272196763940e-03 -3.596626009979342342e-02 1.597294722749893481e+00 -4.007408562225311249e-02 -2.589675427567657544e-03 -3.141201703764001651e-02
-1.439211103915605250e-02 -4.168858919670448415e-02 1.605540893575494010e+00 -5.019416494433471404e-02 -2.112908489152619945e-02 6.392040232751350359e-02
-1.293889158057093258e-02 -3.571187861068558789e-02 1.588763240135051547e+00 7.187067422049378540e-02 -2.795748993338761229e-02 1.149779557025778498e-01
-1.662801082236675665e-02 -4.471029096967260585e-02 1.640113007169986759e+00 1.697915852616770083e-02 -2.886324164372451595e-02 7.645145754499794999e-02
-1.214937670450855212e-02 -3.943054701212922453e-02 1.609887193022757401e+00 -1.441025711064284828e-02 -2.112961735244934039e-02 2.303574371200891452e-02
-1.216617435586830887e-02 -3.915560741839119174e-02 1.555791524624623889e+00 -4.573028496563856515e-02 -1.321624254080502880e-02 -1.031550580861502996e-02
-8.872334395358283388e-03 -3.420047105308210433e-02 1.606214684557926375e+00 -1.411249103984554137e-02 -1.608269343382187286e-02 9.265309203156719964e-03
-6.537060034142533338e-03 -3.450439121091442018e-02 1.605618255835281616e+00 -3.119493383552304593e-03 -1.287173235273208517e-02 2.189640882424304449e-02
-7.016692052909875854e-03 -3.332639322363917245e-02 1.614218236831504782e+00 6.770655286652693325e-03 -1.788006823439547421e-02 6.603297969824484248e-02
-8.970226829499688970e-03 -3.617230573540908267e-02 1.613113322299568608e+00 4.134006966865649835e-02 -1.871194407843007265e-02 7.402100963928692767e-02
-8.311081758057337066e-03 -3.773043173597745437e-02 1.620583568250822282e+00 -3.523331132543725680e-02 -1.531189611273365940e-02 6.604671053710919892e-02
-8.282337205419598725e-03 -3.635380751051187076e-02 1.610404175447968100e+00 -3.353583434118824480e-02 -1.543163454696480814e-02 4.949440248424508831e-02
-7.862477892156660708e-03 -3.682344250941849140e-02 1.616624414994873860e+00 5.450053786874407488e-03 -1.868384465387537205e-02 4.277177255112586673e-02
-6.746998840819640186e-03 -3.379343374965504410e-02 1.617917416186685386e+00 5.264097064744552301e-02 -1.446797612178880518e-02 7.136019904894155830e-02
-5.886147281628284489e-03 -3.326851224788285322e-02 1.620185841447039365e+00 4.110748503969063883e-02 -2.233789087007850144e-02 6.450010820137370982e-02
-5.434655629778073482e-03 -3.337980920799843432e-02 1.629961657708520306e+00 -3.821435087336278597e-02 -2.229381536303887482e-02 3.786697042929074164e-02
-2.868490781935628675e-03 -3.601453127915732466e-02 1.621985965909402694e+00 8.292937201290892166e-03 -1.442488485979679866e-02 1.282803119355295507e-03
